0.0005178451538085938, 496, 28, bubble
0.0004417896270751953, 496, 25, bubble
0.0004489421844482422, 496, 22, bubble
0.0005078315734863281, 496, 26, bubble
0.00042700767517089844, 496, 20, bubble
0.0004432201385498047, 496, 23, bubble
0.0004279613494873047, 496, 23, bubble
0.0005221366882324219, 496, 24, bubble
0.0004658699035644531, 496, 23, bubble
0.0004780292510986328, 496, 21, bubble
0.0004432201385498047, 496, 24, bubble
0.0004570484161376953, 496, 26, bubble
0.0004968643188476562, 496, 25, bubble
0.0004799365997314453, 496, 25, bubble
0.0005900859832763672, 496, 24, bubble
0.0004322528839111328, 496, 28, bubble
0.0004432201385498047, 496, 23, bubble
0.0004210472106933594, 496, 24, bubble
0.0004220008850097656, 496, 22, bubble
0.00042128562927246094, 496, 25, bubble
0.0004420280456542969, 496, 24, bubble
0.0004038810729980469, 496, 22, bubble
0.0004360675811767578, 496, 21, bubble
0.00041174888610839844, 496, 21, bubble
0.0004012584686279297, 496, 20, bubble
0.00040912628173828125, 496, 28, bubble
0.0004730224609375, 496, 27, bubble
0.0004570484161376953, 496, 20, bubble
0.0004291534423828125, 496, 25, bubble
0.0007619857788085938, 496, 27, bubble
0.0004200935363769531, 496, 28, bubble
0.0004317760467529297, 496, 23, bubble
0.00043702125549316406, 496, 25, bubble
0.0004661083221435547, 496, 22, bubble
0.0005850791931152344, 496, 25, bubble
