0.03594708442687988, 44073, 4089, quick
0.037187814712524414, 44900, 4092, quick
0.03994488716125488, 44861, 4089, quick
0.03805112838745117, 45520, 4089, quick
0.035990238189697266, 45055, 4091, quick
0.03534388542175293, 45671, 4092, quick
0.03369402885437012, 44522, 4085, quick
0.03407883644104004, 44537, 4093, quick
0.03477811813354492, 44372, 4081, quick
0.03693389892578125, 44643, 4090, quick
0.03603506088256836, 44346, 4090, quick
0.03417015075683594, 45060, 4092, quick
0.034132957458496094, 44319, 4089, quick
0.03683304786682129, 44817, 4093, quick
0.03312182426452637, 44315, 4087, quick
0.03514599800109863, 44733, 4092, quick
0.03341507911682129, 44540, 4086, quick
0.03422713279724121, 44286, 4084, quick
0.03395795822143555, 44868, 4093, quick
0.03622603416442871, 44657, 4091, quick
0.03342294692993164, 44062, 4089, quick
0.03481602668762207, 43996, 4090, quick
0.03550887107849121, 45179, 4095, quick
0.035093069076538086, 44929, 4093, quick
0.037299394607543945, 44906, 4093, quick
0.03312110900878906, 44541, 4090, quick
0.035188913345336914, 44743, 4092, quick
0.034043312072753906, 44652, 4089, quick
0.03452587127685547, 44281, 4089, quick
0.03466510772705078, 44324, 4084, quick
0.033042192459106445, 44829, 4088, quick
0.03357195854187012, 44741, 4089, quick
0.034448862075805664, 44494, 4090, quick
0.034316062927246094, 45404, 4093, quick
0.035817861557006836, 44757, 4088, quick
0.03549003601074219, 44447, 4091, quick
0.03338003158569336, 44499, 4090, quick
0.0343630313873291, 44643, 4090, quick
0.03321099281311035, 44584, 4091, quick
0.034204959869384766, 43993, 4086, quick
0.03557324409484863, 44760, 4090, quick
0.03579425811767578, 44562, 4088, quick
0.03365182876586914, 45252, 4092, quick
0.03434920310974121, 45178, 4090, quick
0.034008026123046875, 45159, 4093, quick
0.03490304946899414, 44927, 4091, quick
0.035756826400756836, 44938, 4090, quick
0.03633284568786621, 44574, 4088, quick
0.035481929779052734, 44491, 4088, quick
0.03461909294128418, 44784, 4093, quick
0.03592085838317871, 45644, 4093, quick
0.034715890884399414, 44296, 4087, quick
0.03409409523010254, 44922, 4087, quick
0.033895254135131836, 44722, 4085, quick
0.03313493728637695, 44044, 4090, quick
0.035920143127441406, 45108, 4093, quick
0.03452181816101074, 44516, 4089, quick
0.03587913513183594, 44529, 4091, quick
0.03437089920043945, 44379, 4090, quick
0.035492897033691406, 44952, 4090, quick
0.03568601608276367, 45037, 4093, quick
0.034586191177368164, 44489, 4090, quick
0.03556084632873535, 45224, 4087, quick
0.03356599807739258, 44539, 4093, quick
0.03529620170593262, 44716, 4091, quick
0.03363204002380371, 44554, 4086, quick
0.0339350700378418, 44720, 4089, quick
0.0335698127746582, 44772, 4091, quick
0.03602790832519531, 44803, 4093, quick
0.03570985794067383, 44163, 4088, quick
0.033519744873046875, 44288, 4092, quick
0.03550291061401367, 44808, 4092, quick
0.03579401969909668, 44702, 4092, quick
0.03573131561279297, 44866, 4091, quick
0.03408002853393555, 44106, 4091, quick
0.03377103805541992, 44028, 4088, quick
0.03477883338928223, 43938, 4089, quick
0.036180973052978516, 45137, 4094, quick
0.03494405746459961, 44951, 4096, quick
0.03369498252868652, 44267, 4087, quick
0.03489208221435547, 44598, 4090, quick
0.03545403480529785, 44663, 4088, quick
0.03427314758300781, 43968, 4092, quick
0.03437685966491699, 44716, 4095, quick
0.03364706039428711, 44592, 4089, quick
0.0351862907409668, 44725, 4089, quick
0.035162925720214844, 44725, 4093, quick
0.036292076110839844, 44129, 4088, quick
0.03510022163391113, 44855, 4090, quick
0.034986019134521484, 44806, 4095, quick
0.034811973571777344, 45097, 4093, quick
0.03442215919494629, 44432, 4091, quick
0.03378009796142578, 44782, 4089, quick
0.035128116607666016, 45785, 4095, quick
0.03613591194152832, 45466, 4093, quick
0.03484392166137695, 44797, 4092, quick
0.034950971603393555, 43909, 4089, quick
0.03582406044006348, 45148, 4089, quick
0.03515291213989258, 44819, 4092, quick
0.03485274314880371, 44699, 4088, quick
0.03477597236633301, 44760, 4094, quick
0.033802032470703125, 44120, 4093, quick
0.033699989318847656, 44493, 4085, quick
0.033679962158203125, 44299, 4091, quick
0.03411698341369629, 44732, 4091, quick
0.03443002700805664, 44641, 4087, quick
0.03513979911804199, 44458, 4091, quick
0.03575491905212402, 44451, 4092, quick
0.03343820571899414, 44551, 4092, quick
0.03478813171386719, 44212, 4090, quick
0.03508281707763672, 44254, 4091, quick
0.03630685806274414, 44627, 4090, quick
0.0345149040222168, 44889, 4092, quick
0.03389692306518555, 44662, 4091, quick
0.035186052322387695, 45420, 4089, quick
0.03656482696533203, 44032, 4089, quick
0.036489009857177734, 44635, 4086, quick
0.03634309768676758, 44901, 4094, quick
0.03450512886047363, 44319, 4091, quick
0.03333711624145508, 44691, 4093, quick
0.035984039306640625, 45028, 4086, quick
0.03468894958496094, 44527, 4085, quick
0.03330826759338379, 44035, 4085, quick
0.033087968826293945, 44418, 4088, quick
0.03520083427429199, 44096, 4090, quick
0.03444194793701172, 45064, 4092, quick
0.033589839935302734, 44987, 4092, quick
0.035954952239990234, 45539, 4091, quick
0.03429603576660156, 44686, 4093, quick
0.03310203552246094, 44220, 4092, quick
0.03354287147521973, 44745, 4088, quick
0.03528404235839844, 44736, 4091, quick
0.03385114669799805, 44346, 4090, quick
0.03435325622558594, 44622, 4090, quick
0.03778409957885742, 44598, 4092, quick
0.03589892387390137, 44621, 4089, quick
0.03520393371582031, 44417, 4089, quick
0.03520011901855469, 44591, 4088, quick
0.03294014930725098, 44584, 4090, quick
0.034870147705078125, 44798, 4092, quick
0.035581111907958984, 44875, 4091, quick
0.03386402130126953, 44350, 4094, quick
0.0353848934173584, 44865, 4094, quick
0.03308820724487305, 44262, 4093, quick
0.035164833068847656, 44260, 4091, quick
0.0330500602722168, 44564, 4091, quick
0.03466606140136719, 44993, 4092, quick
0.0329737663269043, 44408, 4086, quick
0.03760719299316406, 44376, 4090, quick
0.033331871032714844, 44947, 4094, quick
0.03586888313293457, 44514, 4092, quick
0.0349431037902832, 44406, 4088, quick
0.03604388236999512, 45258, 4093, quick
0.03514695167541504, 44404, 4092, quick
0.035204172134399414, 44727, 4095, quick
0.034512996673583984, 44458, 4084, quick
0.035392045974731445, 44731, 4089, quick
0.03504180908203125, 44912, 4087, quick
0.03404426574707031, 44883, 4092, quick
0.033132076263427734, 44749, 4093, quick
0.034838199615478516, 44092, 4087, quick
0.03487730026245117, 45455, 4094, quick
0.03510880470275879, 44632, 4090, quick
0.033184051513671875, 44452, 4089, quick
0.03563809394836426, 44616, 4093, quick
0.03544306755065918, 44677, 4090, quick
0.03534889221191406, 44390, 4091, quick
0.03478288650512695, 44657, 4089, quick
0.03771495819091797, 44713, 4092, quick
0.03521299362182617, 44157, 4094, quick
0.03433990478515625, 45180, 4093, quick
0.03649020195007324, 44832, 4090, quick
0.03605818748474121, 44592, 4092, quick
0.03343391418457031, 44732, 4090, quick
0.03649091720581055, 44523, 4086, quick
0.035719871520996094, 44722, 4089, quick
0.034070730209350586, 44935, 4092, quick
0.03809309005737305, 44834, 4090, quick
0.0352630615234375, 44426, 4089, quick
0.03541302680969238, 45069, 4092, quick
0.03725266456604004, 44379, 4087, quick
0.03389596939086914, 44203, 4090, quick
0.03575491905212402, 44458, 4088, quick
0.033631086349487305, 45197, 4089, quick
0.034152984619140625, 44319, 4091, quick
0.03592991828918457, 44895, 4091, quick
0.035086870193481445, 44691, 4092, quick
0.0346379280090332, 44416, 4088, quick
0.03394293785095215, 45081, 4092, quick
0.03420710563659668, 44493, 4093, quick
0.033567190170288086, 43804, 4090, quick
0.036409854888916016, 45435, 4093, quick
0.03630685806274414, 44814, 4094, quick
0.03695321083068848, 44753, 4094, quick
0.03400588035583496, 44958, 4094, quick
0.03511691093444824, 44651, 4087, quick
0.03469681739807129, 45149, 4091, quick
0.03411412239074707, 45017, 4094, quick
0.03773903846740723, 44300, 4090, quick
0.03336215019226074, 44440, 4090, quick
0.0354459285736084, 44350, 4093, quick
0.03398895263671875, 44974, 4083, quick
0.032926082611083984, 44501, 4089, quick
0.03543281555175781, 44720, 4090, quick
0.03423190116882324, 44255, 4087, quick
0.03422379493713379, 45201, 4091, quick
