0.003094196319580078, 3957, 507, quick
0.002985239028930664, 3846, 506, quick
0.0031070709228515625, 3927, 506, quick
0.003020048141479492, 3932, 503, quick
0.0031812191009521484, 3959, 505, quick
0.0031707286834716797, 3861, 509, quick
0.0031468868255615234, 3907, 504, quick
0.0032110214233398438, 3978, 507, quick
0.002981901168823242, 3861, 505, quick
0.0030782222747802734, 3876, 509, quick
0.0031609535217285156, 3964, 504, quick
0.003144979476928711, 3990, 509, quick
0.002911806106567383, 3858, 507, quick
0.0031630992889404297, 3959, 504, quick
0.003270864486694336, 4016, 507, quick
0.003117799758911133, 3931, 504, quick
0.003172159194946289, 3981, 507, quick
0.0031859874725341797, 3951, 509, quick
0.003153085708618164, 3976, 510, quick
0.0031201839447021484, 3920, 507, quick
0.003278970718383789, 4001, 501, quick
0.003165006637573242, 3946, 503, quick
0.003397226333618164, 3947, 505, quick
0.003059864044189453, 3874, 504, quick
0.0030901432037353516, 3934, 504, quick
0.003206014633178711, 4034, 507, quick
0.003126859664916992, 3916, 503, quick
0.003130197525024414, 3986, 507, quick
0.00322723388671875, 3981, 508, quick
0.0031528472900390625, 3942, 506, quick
0.003142118453979492, 3912, 506, quick
0.003039836883544922, 3930, 509, quick
0.0031800270080566406, 3993, 507, quick
0.0032088756561279297, 3878, 504, quick
0.003172159194946289, 3965, 502, quick
0.0030548572540283203, 3952, 506, quick
0.0032050609588623047, 4009, 506, quick
0.0032601356506347656, 3924, 505, quick
0.003477811813354492, 3973, 510, quick
0.0032587051391601562, 3945, 506, quick
0.003159761428833008, 3992, 508, quick
0.0033028125762939453, 3947, 508, quick
0.0031960010528564453, 4030, 506, quick
0.003019094467163086, 3922, 503, quick
0.0032057762145996094, 4016, 508, quick
0.003233194351196289, 3966, 509, quick
0.003032684326171875, 3981, 504, quick
0.003287076950073242, 4019, 508, quick
0.003145933151245117, 3899, 507, quick
0.003095865249633789, 3952, 504, quick
0.003289937973022461, 3993, 509, quick
0.0030031204223632812, 3979, 507, quick
0.0030820369720458984, 3979, 508, quick
0.0030400753021240234, 3941, 506, quick
0.0034301280975341797, 3942, 507, quick
0.003114938735961914, 4009, 508, quick
0.003087759017944336, 3945, 507, quick
0.0032117366790771484, 3923, 504, quick
0.003023862838745117, 3888, 501, quick
0.0031070709228515625, 3935, 505, quick
0.0031380653381347656, 4008, 509, quick
0.0031630992889404297, 4029, 507, quick
0.003100156784057617, 3937, 502, quick
0.0031659603118896484, 4021, 505, quick
0.003225088119506836, 3923, 503, quick
0.0029897689819335938, 3853, 507, quick
0.003072023391723633, 3900, 506, quick
0.0031769275665283203, 3950, 507, quick
0.003120899200439453, 4011, 507, quick
0.0031387805938720703, 3968, 505, quick
0.0031409263610839844, 3885, 503, quick
0.003275156021118164, 3966, 505, quick
0.003039121627807617, 3938, 503, quick
0.0032181739807128906, 3960, 504, quick
0.0030879974365234375, 3913, 507, quick
0.0031578540802001953, 3846, 509, quick
0.003118753433227539, 3916, 508, quick
0.0031538009643554688, 3975, 506, quick
0.0030829906463623047, 3959, 505, quick
0.003201007843017578, 3980, 508, quick
0.003412008285522461, 4093, 510, quick
0.003222942352294922, 4054, 506, quick
0.0031359195709228516, 4042, 505, quick
0.0029480457305908203, 3903, 509, quick
0.003172159194946289, 3939, 507, quick
0.0032401084899902344, 3970, 508, quick
0.0031380653381347656, 3960, 510, quick
0.0029833316802978516, 3937, 506, quick
0.0031859874725341797, 3955, 504, quick
0.0032291412353515625, 3932, 509, quick
0.0032701492309570312, 4007, 506, quick
0.003214120864868164, 4012, 507, quick
0.0032820701599121094, 4037, 506, quick
0.003016948699951172, 3990, 507, quick
0.0031180381774902344, 3960, 509, quick
0.0031681060791015625, 3948, 507, quick
0.0031120777130126953, 3921, 505, quick
0.0031599998474121094, 4005, 511, quick
0.0032122135162353516, 3964, 508, quick
0.003152132034301758, 4002, 509, quick
0.0029230117797851562, 3874, 505, quick
0.003320932388305664, 3967, 506, quick
0.0031270980834960938, 3986, 506, quick
0.0030951499938964844, 3946, 505, quick
0.003186941146850586, 3884, 504, quick
0.003187894821166992, 3897, 506, quick
0.003177165985107422, 3987, 504, quick
0.0033111572265625, 3903, 503, quick
0.0031490325927734375, 3894, 509, quick
0.0031659603118896484, 3992, 504, quick
0.0029768943786621094, 3940, 507, quick
0.003062009811401367, 4003, 509, quick
0.002988100051879883, 3882, 505, quick
0.003002166748046875, 3976, 505, quick
0.0030460357666015625, 3949, 502, quick
0.0032231807708740234, 3903, 507, quick
0.0030939579010009766, 3889, 507, quick
0.003141164779663086, 4053, 511, quick
0.0030221939086914062, 3939, 506, quick
0.0032198429107666016, 4055, 507, quick
0.003030061721801758, 3915, 505, quick
0.003216266632080078, 3904, 504, quick
0.0031490325927734375, 4009, 509, quick
0.0029680728912353516, 3920, 506, quick
0.00304412841796875, 3873, 504, quick
0.0029439926147460938, 3886, 507, quick
0.003062009811401367, 3920, 504, quick
0.0031430721282958984, 3970, 509, quick
0.0031490325927734375, 4026, 509, quick
0.0032622814178466797, 4068, 510, quick
0.0030930042266845703, 3921, 507, quick
0.0031249523162841797, 3993, 508, quick
0.0031278133392333984, 3965, 509, quick
0.003039121627807617, 3959, 504, quick
0.003172159194946289, 3999, 507, quick
0.003062009811401367, 3948, 505, quick
0.003041982650756836, 3904, 506, quick
0.0031790733337402344, 4016, 512, quick
0.00311279296875, 3941, 503, quick
0.0031578540802001953, 3892, 507, quick
0.0030968189239501953, 4068, 509, quick
0.0032129287719726562, 3925, 506, quick
0.003136157989501953, 3888, 503, quick
0.0031189918518066406, 3978, 509, quick
0.0032401084899902344, 4008, 504, quick
0.003178119659423828, 4002, 504, quick
0.003239870071411133, 4095, 511, quick
0.0030908584594726562, 3937, 505, quick
0.0031309127807617188, 3951, 507, quick
0.0031838417053222656, 3996, 507, quick
0.003100156784057617, 3976, 510, quick
0.0030488967895507812, 3875, 508, quick
0.0030667781829833984, 3883, 504, quick
0.0030727386474609375, 3953, 506, quick
0.0030181407928466797, 3934, 509, quick
0.003103971481323242, 3922, 503, quick
0.0030269622802734375, 3881, 504, quick
0.0030999183654785156, 3930, 505, quick
0.0032219886779785156, 3920, 510, quick
0.003031015396118164, 3950, 504, quick
0.003194093704223633, 3918, 502, quick
0.0032320022583007812, 3923, 508, quick
0.0032041072845458984, 3994, 505, quick
0.0030820369720458984, 3939, 507, quick
0.003175020217895508, 3962, 511, quick
0.003117084503173828, 3980, 506, quick
0.0031871795654296875, 3968, 507, quick
0.0032548904418945312, 3978, 509, quick
0.0030939579010009766, 4004, 505, quick
0.0032372474670410156, 3906, 504, quick
0.003036022186279297, 3917, 508, quick
0.00305938720703125, 4006, 506, quick
0.0032548904418945312, 3946, 508, quick
0.0032761096954345703, 3969, 503, quick
0.003174304962158203, 3968, 508, quick
0.003088235855102539, 3883, 508, quick
0.003397703170776367, 4016, 503, quick
0.0033881664276123047, 4055, 509, quick
0.0032019615173339844, 4070, 505, quick
0.0030660629272460938, 4010, 509, quick
0.0031266212463378906, 3934, 503, quick
0.0031118392944335938, 3918, 506, quick
0.003092050552368164, 4040, 510, quick
0.0031328201293945312, 3919, 506, quick
0.0031142234802246094, 3920, 506, quick
0.003190755844116211, 3968, 504, quick
0.002952098846435547, 3839, 506, quick
0.0032629966735839844, 3896, 504, quick
0.003131866455078125, 3948, 505, quick
0.003097057342529297, 3925, 502, quick
0.0032203197479248047, 3940, 506, quick
0.0030918121337890625, 3891, 506, quick
0.0030488967895507812, 3918, 506, quick
0.0045528411865234375, 3967, 507, quick
0.003036975860595703, 3960, 506, quick
0.0030341148376464844, 3895, 507, quick
0.0031881332397460938, 3966, 506, quick
0.003103971481323242, 3952, 506, quick
0.0033850669860839844, 3919, 499, quick
0.0032629966735839844, 4046, 510, quick
0.0032160282135009766, 3937, 506, quick
0.0030918121337890625, 3990, 508, quick
0.003110170364379883, 3885, 506, quick
0.0032091140747070312, 3902, 503, quick
0.0031681060791015625, 3996, 510, quick
0.003384113311767578, 3995, 509, quick
