0.014768123626708984, 19050, 2048, quick
0.014948129653930664, 19038, 2045, quick
0.014705896377563477, 19009, 2045, quick
0.015514135360717773, 19026, 2046, quick
0.015015125274658203, 19020, 2045, quick
0.015246868133544922, 19065, 2045, quick
0.015808820724487305, 19011, 2047, quick
0.014183998107910156, 19012, 2047, quick
0.014994144439697266, 19032, 2048, quick
0.014436006546020508, 19012, 2046, quick
0.015001058578491211, 19033, 2045, quick
0.015738964080810547, 18982, 2045, quick
0.015305042266845703, 19007, 2047, quick
0.01437997817993164, 19049, 2045, quick
0.015091896057128906, 19046, 2047, quick
0.014551639556884766, 19013, 2045, quick
0.016678810119628906, 19022, 2042, quick
0.015154838562011719, 19016, 2046, quick
0.015110254287719727, 19038, 2045, quick
0.015105009078979492, 19054, 2046, quick
0.01549386978149414, 18985, 2042, quick
0.015761852264404297, 19015, 2046, quick
0.014503002166748047, 19044, 2046, quick
0.015086174011230469, 19054, 2046, quick
0.014585018157958984, 19019, 2047, quick
0.01630377769470215, 19044, 2046, quick
0.015256166458129883, 19012, 2045, quick
0.015541315078735352, 19005, 2046, quick
0.01572108268737793, 19018, 2047, quick
0.014539003372192383, 19028, 2047, quick
0.01502227783203125, 19066, 2048, quick
0.014802932739257812, 19019, 2043, quick
0.014649152755737305, 18988, 2047, quick
0.015380859375, 19010, 2046, quick
0.014351844787597656, 19000, 2046, quick
0.015187978744506836, 18989, 2044, quick
0.015197992324829102, 19012, 2047, quick
0.014621973037719727, 19009, 2043, quick
0.014698982238769531, 18993, 2044, quick
0.014696121215820312, 19048, 2048, quick
0.015306234359741211, 19032, 2047, quick
0.014700889587402344, 19068, 2046, quick
0.014802932739257812, 19035, 2046, quick
0.015186786651611328, 19007, 2044, quick
0.014327764511108398, 19027, 2047, quick
0.014461994171142578, 18988, 2047, quick
0.015055179595947266, 19028, 2047, quick
0.01499485969543457, 19000, 2047, quick
0.01509714126586914, 19051, 2046, quick
0.014358997344970703, 19041, 2045, quick
0.014979839324951172, 19009, 2047, quick
0.014436006546020508, 19033, 2046, quick
0.014294862747192383, 18971, 2047, quick
0.015349864959716797, 18985, 2048, quick
0.014757156372070312, 19001, 2046, quick
0.01452493667602539, 19018, 2045, quick
0.015053033828735352, 19004, 2044, quick
0.014473199844360352, 19014, 2047, quick
0.015135049819946289, 19008, 2047, quick
0.015049934387207031, 19010, 2047, quick
0.014908075332641602, 19010, 2048, quick
0.01517486572265625, 18996, 2045, quick
0.014369010925292969, 19000, 2046, quick
0.014668941497802734, 19072, 2048, quick
0.015359163284301758, 19009, 2044, quick
0.015170097351074219, 18985, 2044, quick
0.01516580581665039, 19036, 2047, quick
0.015002012252807617, 19000, 2046, quick
0.014883995056152344, 19011, 2045, quick
0.01442408561706543, 19010, 2045, quick
0.01491093635559082, 19028, 2046, quick
0.015205144882202148, 19031, 2047, quick
0.014862060546875, 18975, 2046, quick
0.01517176628112793, 19029, 2044, quick
0.014580011367797852, 19042, 2045, quick
0.01420903205871582, 19060, 2047, quick
0.014660835266113281, 18979, 2047, quick
0.015033960342407227, 19043, 2047, quick
0.015119075775146484, 19018, 2047, quick
0.01440286636352539, 19062, 2046, quick
0.014671087265014648, 19018, 2046, quick
0.014421939849853516, 18984, 2047, quick
0.014892101287841797, 19038, 2048, quick
0.014733076095581055, 19062, 2046, quick
0.01466512680053711, 19055, 2045, quick
0.014847993850708008, 18988, 2047, quick
0.014698982238769531, 19030, 2048, quick
0.01530909538269043, 19005, 2047, quick
0.014998912811279297, 19025, 2046, quick
0.014733076095581055, 19036, 2046, quick
0.015254020690917969, 19010, 2045, quick
0.014271974563598633, 19019, 2047, quick
0.014973878860473633, 19023, 2045, quick
0.01473093032836914, 19046, 2046, quick
0.01513218879699707, 19022, 2046, quick
0.01504373550415039, 19007, 2046, quick
0.01497507095336914, 19055, 2046, quick
0.0142059326171875, 19016, 2046, quick
0.01484990119934082, 19010, 2046, quick
0.01477503776550293, 19016, 2044, quick
0.015555143356323242, 19016, 2048, quick
0.015114784240722656, 19027, 2045, quick
0.014407873153686523, 19027, 2047, quick
0.014590263366699219, 19012, 2047, quick
0.0153350830078125, 19007, 2048, quick
0.015583038330078125, 19026, 2046, quick
0.014539957046508789, 19026, 2048, quick
0.015600204467773438, 18997, 2044, quick
0.014937877655029297, 19011, 2046, quick
0.015393972396850586, 18974, 2047, quick
0.014403820037841797, 19020, 2048, quick
0.01510000228881836, 19035, 2043, quick
0.01487588882446289, 19012, 2048, quick
0.01474308967590332, 19049, 2045, quick
0.014769792556762695, 19040, 2046, quick
0.014636993408203125, 19004, 2045, quick
0.014904022216796875, 19059, 2048, quick
0.015012025833129883, 19022, 2044, quick
0.015725135803222656, 19008, 2046, quick
0.015184879302978516, 18980, 2045, quick
0.015080928802490234, 19017, 2046, quick
0.014781951904296875, 19046, 2047, quick
0.014160871505737305, 19040, 2046, quick
0.015073776245117188, 19052, 2046, quick
0.014802932739257812, 18990, 2048, quick
0.015170097351074219, 19011, 2047, quick
0.01571512222290039, 19020, 2048, quick
0.015069007873535156, 19026, 2046, quick
0.014681816101074219, 18980, 2046, quick
0.015007972717285156, 19042, 2046, quick
0.014782905578613281, 19047, 2045, quick
0.014863014221191406, 19018, 2047, quick
0.014974117279052734, 19056, 2044, quick
0.014410018920898438, 19039, 2048, quick
0.014962911605834961, 19044, 2046, quick
0.014909982681274414, 19017, 2048, quick
0.014542102813720703, 19037, 2048, quick
0.015286922454833984, 19057, 2044, quick
0.014955997467041016, 19018, 2048, quick
0.015047788619995117, 19011, 2047, quick
0.015336990356445312, 19054, 2046, quick
0.015777111053466797, 19027, 2046, quick
0.015030145645141602, 19010, 2044, quick
0.015635013580322266, 19009, 2047, quick
0.015017986297607422, 19006, 2046, quick
0.01532602310180664, 19030, 2047, quick
0.015095710754394531, 19005, 2047, quick
0.015383005142211914, 19056, 2047, quick
0.014860153198242188, 19040, 2046, quick
0.014673948287963867, 19053, 2047, quick
0.015285968780517578, 18991, 2048, quick
0.015033721923828125, 18983, 2047, quick
0.014951944351196289, 18995, 2045, quick
0.014774084091186523, 19033, 2047, quick
0.015394210815429688, 19066, 2048, quick
0.014300823211669922, 18990, 2043, quick
0.014533758163452148, 19047, 2046, quick
0.014715194702148438, 19001, 2046, quick
0.015440940856933594, 19054, 2048, quick
0.014371156692504883, 19044, 2044, quick
0.015027046203613281, 19038, 2046, quick
0.01482701301574707, 18993, 2045, quick
0.01519632339477539, 19038, 2044, quick
0.015305042266845703, 19037, 2045, quick
0.014850854873657227, 19022, 2046, quick
0.015033960342407227, 18993, 2044, quick
0.014327049255371094, 19031, 2045, quick
0.014535188674926758, 19032, 2045, quick
0.015442132949829102, 19034, 2047, quick
0.014995098114013672, 18990, 2046, quick
0.014947891235351562, 19019, 2047, quick
0.017130136489868164, 19065, 2047, quick
0.014355897903442383, 19054, 2045, quick
0.014739036560058594, 19039, 2043, quick
0.014737844467163086, 19033, 2046, quick
0.014985084533691406, 19038, 2046, quick
0.014522790908813477, 19022, 2047, quick
0.014552831649780273, 19015, 2048, quick
0.014578819274902344, 19038, 2043, quick
0.014998912811279297, 19017, 2046, quick
0.01468801498413086, 19028, 2045, quick
0.015297889709472656, 19029, 2046, quick
0.014828920364379883, 19049, 2048, quick
0.015113115310668945, 19006, 2045, quick
0.014822006225585938, 19011, 2046, quick
0.014571905136108398, 18983, 2046, quick
0.014705896377563477, 19012, 2043, quick
0.014776945114135742, 19061, 2047, quick
0.014471769332885742, 19046, 2043, quick
0.014309883117675781, 18994, 2045, quick
0.01447916030883789, 19034, 2048, quick
0.014483928680419922, 18994, 2045, quick
0.01491403579711914, 19035, 2045, quick
0.01475977897644043, 19056, 2048, quick
0.01487874984741211, 19042, 2044, quick
0.015023231506347656, 19027, 2047, quick
0.015295982360839844, 19012, 2045, quick
0.015024900436401367, 18991, 2046, quick
0.014972209930419922, 19022, 2047, quick
0.014609098434448242, 19013, 2047, quick
0.014817953109741211, 19016, 2045, quick
0.01506185531616211, 19041, 2043, quick
0.014379024505615234, 19004, 2046, quick
0.016203880310058594, 19045, 2045, quick
0.01524496078491211, 19069, 2045, quick
0.015620708465576172, 19036, 2047, quick
