0.4368619918823242, 523776, 1023, bubble
0.4167969226837158, 523776, 1022, bubble
0.43665218353271484, 523776, 1023, bubble
0.40595388412475586, 523776, 1024, bubble
0.4349648952484131, 523776, 1023, bubble
0.4239358901977539, 523776, 1022, bubble
0.4309358596801758, 523776, 1022, bubble
0.4249839782714844, 523776, 1024, bubble
0.42040205001831055, 523776, 1024, bubble
0.4297749996185303, 523776, 1022, bubble
0.43064308166503906, 523776, 1024, bubble
0.40277671813964844, 523776, 1023, bubble
0.4322948455810547, 523776, 1023, bubble
0.42212390899658203, 523776, 1022, bubble
0.4301598072052002, 523776, 1022, bubble
0.4298720359802246, 523776, 1023, bubble
0.42038512229919434, 523776, 1023, bubble
0.4232912063598633, 523776, 1024, bubble
0.41013598442077637, 523776, 1024, bubble
0.41091465950012207, 523776, 1022, bubble
0.40528297424316406, 523776, 1024, bubble
0.4308750629425049, 523776, 1024, bubble
0.4066901206970215, 523776, 1022, bubble
0.40290093421936035, 523776, 1022, bubble
0.4311411380767822, 523776, 1023, bubble
0.4303932189941406, 523776, 1023, bubble
0.4208650588989258, 523776, 1024, bubble
0.4259188175201416, 523776, 1023, bubble
0.4359900951385498, 523776, 1023, bubble
0.4286229610443115, 523776, 1023, bubble
0.4156022071838379, 523776, 1024, bubble
0.42827415466308594, 523776, 1023, bubble
0.424407958984375, 523776, 1023, bubble
0.4358220100402832, 523776, 1022, bubble
0.4242088794708252, 523776, 1023, bubble
0.42275381088256836, 523776, 1023, bubble
0.42958903312683105, 523776, 1024, bubble
0.4194481372833252, 523776, 1023, bubble
0.43355512619018555, 523776, 1024, bubble
0.4392979145050049, 523776, 1021, bubble
0.4150829315185547, 523776, 1024, bubble
0.42993807792663574, 523776, 1023, bubble
0.41242003440856934, 523776, 1024, bubble
0.4242539405822754, 523776, 1022, bubble
0.4080319404602051, 523776, 1024, bubble
0.4075000286102295, 523776, 1021, bubble
0.41004490852355957, 523776, 1024, bubble
0.42375898361206055, 523776, 1023, bubble
0.4304218292236328, 523776, 1020, bubble
0.4252810478210449, 523776, 1022, bubble
0.4116098880767822, 523776, 1023, bubble
0.4230799674987793, 523776, 1024, bubble
0.42705512046813965, 523776, 1024, bubble
0.4338960647583008, 523776, 1023, bubble
0.43093395233154297, 523776, 1023, bubble
0.4221532344818115, 523776, 1022, bubble
0.44139814376831055, 523776, 1023, bubble
0.4273111820220947, 523776, 1024, bubble
0.4232921600341797, 523776, 1023, bubble
0.426008939743042, 523776, 1023, bubble
0.4107511043548584, 523776, 1024, bubble
0.4081599712371826, 523776, 1024, bubble
0.42018723487854004, 523776, 1023, bubble
0.42618489265441895, 523776, 1024, bubble
0.4140768051147461, 523776, 1022, bubble
0.4370899200439453, 523776, 1021, bubble
0.4090602397918701, 523776, 1023, bubble
0.4149899482727051, 523776, 1024, bubble
0.4336729049682617, 523776, 1023, bubble
0.4138827323913574, 523776, 1024, bubble
0.4266691207885742, 523776, 1023, bubble
0.40809178352355957, 523776, 1023, bubble
0.41053080558776855, 523776, 1023, bubble
0.4034998416900635, 523776, 1023, bubble
0.42711496353149414, 523776, 1023, bubble
0.4333209991455078, 523776, 1023, bubble
0.43326807022094727, 523776, 1022, bubble
0.41672706604003906, 523776, 1024, bubble
0.42929506301879883, 523776, 1023, bubble
0.42725419998168945, 523776, 1022, bubble
0.4278080463409424, 523776, 1021, bubble
0.40868091583251953, 523776, 1024, bubble
0.4373772144317627, 523776, 1023, bubble
0.4026310443878174, 523776, 1024, bubble
0.4094090461730957, 523776, 1024, bubble
0.4279019832611084, 523776, 1024, bubble
0.4472191333770752, 523776, 1024, bubble
0.4121551513671875, 523776, 1023, bubble
0.43810486793518066, 523776, 1024, bubble
0.4125359058380127, 523776, 1023, bubble
0.42444801330566406, 523776, 1024, bubble
0.4234039783477783, 523776, 1024, bubble
0.4292948246002197, 523776, 1022, bubble
0.4255199432373047, 523776, 1023, bubble
0.4202282428741455, 523776, 1022, bubble
0.4208240509033203, 523776, 1023, bubble
0.40790677070617676, 523776, 1023, bubble
0.43300771713256836, 523776, 1023, bubble
0.4574110507965088, 523776, 1023, bubble
0.43262314796447754, 523776, 1023, bubble
0.46126222610473633, 523776, 1023, bubble
0.471329927444458, 523776, 1023, bubble
0.4368150234222412, 523776, 1023, bubble
0.46129584312438965, 523776, 1021, bubble
0.4577169418334961, 523776, 1024, bubble
0.4491138458251953, 523776, 1022, bubble
0.4701681137084961, 523776, 1024, bubble
0.47306394577026367, 523776, 1024, bubble
0.460162878036499, 523776, 1024, bubble
0.45612001419067383, 523776, 1024, bubble
0.44180727005004883, 523776, 1023, bubble
0.4295029640197754, 523776, 1022, bubble
0.4501659870147705, 523776, 1022, bubble
0.5082659721374512, 523776, 1022, bubble
0.43134617805480957, 523776, 1023, bubble
0.4715418815612793, 523776, 1024, bubble
0.48171496391296387, 523776, 1023, bubble
0.4222540855407715, 523776, 1024, bubble
0.46315813064575195, 523776, 1023, bubble
0.4492189884185791, 523776, 1024, bubble
0.44071412086486816, 523776, 1023, bubble
0.44879627227783203, 523776, 1024, bubble
0.4357597827911377, 523776, 1023, bubble
0.5026350021362305, 523776, 1023, bubble
0.42630767822265625, 523776, 1024, bubble
0.43015503883361816, 523776, 1024, bubble
0.4461960792541504, 523776, 1024, bubble
0.4477250576019287, 523776, 1023, bubble
0.4553380012512207, 523776, 1024, bubble
0.4952380657196045, 523776, 1021, bubble
0.4641380310058594, 523776, 1022, bubble
0.44538092613220215, 523776, 1023, bubble
0.4624040126800537, 523776, 1024, bubble
0.4660947322845459, 523776, 1023, bubble
0.43573498725891113, 523776, 1024, bubble
0.46189284324645996, 523776, 1023, bubble
0.40743303298950195, 523776, 1023, bubble
0.4282228946685791, 523776, 1023, bubble
0.43205690383911133, 523776, 1024, bubble
0.42868876457214355, 523776, 1023, bubble
0.4225473403930664, 523776, 1024, bubble
0.4070169925689697, 523776, 1023, bubble
0.409210205078125, 523776, 1022, bubble
0.42613887786865234, 523776, 1023, bubble
0.4074099063873291, 523776, 1024, bubble
0.40706825256347656, 523776, 1023, bubble
0.40821099281311035, 523776, 1023, bubble
0.432340145111084, 523776, 1022, bubble
0.42154908180236816, 523776, 1024, bubble
0.41752004623413086, 523776, 1024, bubble
0.4085700511932373, 523776, 1024, bubble
0.4248812198638916, 523776, 1024, bubble
0.402191162109375, 523776, 1024, bubble
0.44066524505615234, 523776, 1022, bubble
0.41994690895080566, 523776, 1022, bubble
0.41867613792419434, 523776, 1021, bubble
0.40660715103149414, 523776, 1022, bubble
0.4124720096588135, 523776, 1023, bubble
0.4334871768951416, 523776, 1023, bubble
0.40761590003967285, 523776, 1021, bubble
0.42986083030700684, 523776, 1022, bubble
0.4158821105957031, 523776, 1023, bubble
0.4089629650115967, 523776, 1024, bubble
0.4313991069793701, 523776, 1023, bubble
0.43041491508483887, 523776, 1022, bubble
0.4067549705505371, 523776, 1022, bubble
0.4382328987121582, 523776, 1024, bubble
0.40840601921081543, 523776, 1023, bubble
0.4264640808105469, 523776, 1023, bubble
0.4212172031402588, 523776, 1023, bubble
0.4365811347961426, 523776, 1023, bubble
0.4348602294921875, 523776, 1023, bubble
0.4427919387817383, 523776, 1023, bubble
0.42771100997924805, 523776, 1022, bubble
0.4254169464111328, 523776, 1023, bubble
0.4299204349517822, 523776, 1022, bubble
0.4075508117675781, 523776, 1023, bubble
0.43073391914367676, 523776, 1023, bubble
0.42345404624938965, 523776, 1024, bubble
0.4142451286315918, 523776, 1023, bubble
0.4241819381713867, 523776, 1024, bubble
0.43878698348999023, 523776, 1023, bubble
0.4053170680999756, 523776, 1024, bubble
0.42771005630493164, 523776, 1022, bubble
0.43408894538879395, 523776, 1022, bubble
0.4059746265411377, 523776, 1022, bubble
0.4152069091796875, 523776, 1024, bubble
0.42964720726013184, 523776, 1024, bubble
0.4218909740447998, 523776, 1024, bubble
0.4469308853149414, 523776, 1023, bubble
0.42822790145874023, 523776, 1024, bubble
0.42678308486938477, 523776, 1024, bubble
0.42192888259887695, 523776, 1023, bubble
0.408689022064209, 523776, 1022, bubble
0.4175872802734375, 523776, 1024, bubble
0.41021275520324707, 523776, 1024, bubble
0.4257321357727051, 523776, 1024, bubble
0.4125208854675293, 523776, 1023, bubble
0.43770718574523926, 523776, 1024, bubble
0.40917420387268066, 523776, 1023, bubble
0.4227559566497803, 523776, 1023, bubble
0.41112184524536133, 523776, 1022, bubble
0.43395233154296875, 523776, 1023, bubble
0.4030797481536865, 523776, 1024, bubble
0.40960001945495605, 523776, 1023, bubble
0.4296600818634033, 523776, 1023, bubble
