0.0329899787902832, 44264, 4095, quick
0.03544211387634277, 44611, 4095, quick
0.03455996513366699, 44231, 4094, quick
0.03521585464477539, 44064, 4093, quick
0.03472709655761719, 44922, 4094, quick
0.03580594062805176, 44828, 4094, quick
0.03471779823303223, 44255, 4095, quick
0.03448295593261719, 45272, 4093, quick
0.03536581993103027, 44870, 4096, quick
0.03560805320739746, 44001, 4094, quick
0.034475088119506836, 44253, 4096, quick
0.03477120399475098, 44428, 4095, quick
0.03459978103637695, 44383, 4096, quick
0.03523898124694824, 45383, 4095, quick
0.035494089126586914, 44426, 4096, quick
0.037921905517578125, 44839, 4095, quick
0.036032915115356445, 44216, 4094, quick
0.03394627571105957, 44643, 4094, quick
0.034487009048461914, 44443, 4096, quick
0.03413510322570801, 44408, 4094, quick
0.03368377685546875, 44257, 4095, quick
0.03313422203063965, 44253, 4095, quick
0.03409981727600098, 44408, 4096, quick
0.03404092788696289, 43942, 4095, quick
0.034632205963134766, 44491, 4094, quick
0.03325080871582031, 44294, 4096, quick
0.033734798431396484, 44540, 4096, quick
0.03354167938232422, 44285, 4095, quick
0.034111976623535156, 44696, 4096, quick
0.03411698341369629, 44722, 4096, quick
0.03565526008605957, 44862, 4094, quick
0.03531789779663086, 44598, 4095, quick
0.034822940826416016, 44259, 4096, quick
0.033785104751586914, 44331, 4094, quick
0.036171913146972656, 44945, 4096, quick
0.03728199005126953, 44123, 4094, quick
0.034677982330322266, 44258, 4095, quick
0.03507184982299805, 44666, 4091, quick
0.03741002082824707, 44537, 4096, quick
0.03376293182373047, 44072, 4096, quick
0.033772945404052734, 44308, 4096, quick
0.033477783203125, 44821, 4095, quick
0.03622603416442871, 45506, 4093, quick
0.03515005111694336, 44772, 4095, quick
0.033293962478637695, 44966, 4094, quick
0.035614967346191406, 44906, 4095, quick
0.0344083309173584, 45010, 4093, quick
0.03497171401977539, 44736, 4096, quick
0.0329890251159668, 44776, 4096, quick
0.03451395034790039, 44345, 4095, quick
0.03485512733459473, 44727, 4095, quick
0.034270286560058594, 44048, 4095, quick
0.033943891525268555, 44462, 4095, quick
0.03565216064453125, 45150, 4092, quick
0.03383827209472656, 44670, 4096, quick
0.0336456298828125, 44448, 4096, quick
0.03485584259033203, 44196, 4094, quick
0.03398013114929199, 44370, 4094, quick
0.03523612022399902, 45145, 4096, quick
0.03344321250915527, 44922, 4094, quick
0.03531002998352051, 44721, 4094, quick
0.03514695167541504, 44656, 4094, quick
0.033686161041259766, 44645, 4095, quick
0.034707069396972656, 44525, 4094, quick
0.03528404235839844, 45133, 4094, quick
0.036087989807128906, 44787, 4094, quick
0.0352780818939209, 45961, 4093, quick
0.03504681587219238, 44598, 4096, quick
0.03431987762451172, 44252, 4094, quick
0.03451180458068848, 44500, 4094, quick
0.035774946212768555, 44965, 4095, quick
0.036216020584106445, 44667, 4095, quick
0.034834861755371094, 44086, 4096, quick
0.035033226013183594, 44183, 4095, quick
0.035234928131103516, 44895, 4095, quick
0.0334019660949707, 44579, 4095, quick
0.03523731231689453, 44506, 4095, quick
0.03584480285644531, 44897, 4096, quick
0.0336461067199707, 44378, 4095, quick
0.03505301475524902, 44420, 4094, quick
0.03513813018798828, 45197, 4094, quick
0.033435821533203125, 44968, 4094, quick
0.03339099884033203, 44221, 4095, quick
0.035208940505981445, 44891, 4094, quick
0.034352779388427734, 44181, 4095, quick
0.0356447696685791, 45185, 4093, quick
0.03482699394226074, 44227, 4095, quick
0.03429985046386719, 44829, 4095, quick
0.034757137298583984, 44316, 4096, quick
0.034713029861450195, 44727, 4091, quick
0.03523874282836914, 44525, 4095, quick
0.03488612174987793, 44760, 4094, quick
0.03344607353210449, 44845, 4094, quick
0.033660173416137695, 44911, 4095, quick
0.035360097885131836, 45015, 4095, quick
0.0356900691986084, 45181, 4095, quick
0.03543663024902344, 44622, 4096, quick
0.03631401062011719, 45080, 4096, quick
0.03508710861206055, 44675, 4093, quick
0.035398006439208984, 44845, 4094, quick
0.03591609001159668, 44571, 4095, quick
0.03464913368225098, 45258, 4094, quick
0.03412485122680664, 44151, 4093, quick
0.03601813316345215, 44115, 4096, quick
0.03348588943481445, 44439, 4095, quick
0.03555583953857422, 45128, 4095, quick
0.03577899932861328, 44790, 4096, quick
0.03486180305480957, 44636, 4095, quick
0.033692359924316406, 45063, 4096, quick
0.034697771072387695, 44696, 4094, quick
0.03358101844787598, 44272, 4094, quick
0.03439903259277344, 44378, 4095, quick
0.03599405288696289, 44581, 4096, quick
0.03371310234069824, 44449, 4096, quick
0.03409099578857422, 44986, 4095, quick
0.03470110893249512, 44521, 4095, quick
0.03531289100646973, 44614, 4095, quick
0.03352975845336914, 44974, 4094, quick
0.0349271297454834, 44468, 4096, quick
0.03521990776062012, 45007, 4093, quick
0.03511619567871094, 44078, 4095, quick
0.033586978912353516, 44735, 4095, quick
0.03434014320373535, 44957, 4094, quick
0.03398776054382324, 44277, 4095, quick
0.033966064453125, 44780, 4093, quick
0.03429412841796875, 44273, 4095, quick
0.03545975685119629, 44512, 4092, quick
0.03608512878417969, 44470, 4096, quick
0.033638954162597656, 43807, 4094, quick
0.0338590145111084, 44350, 4095, quick
0.033704280853271484, 44259, 4094, quick
0.034886837005615234, 44157, 4096, quick
0.03360295295715332, 44884, 4094, quick
0.03387904167175293, 45011, 4094, quick
0.03800010681152344, 44124, 4095, quick
0.03534078598022461, 44667, 4095, quick
0.03299880027770996, 44277, 4096, quick
0.036093950271606445, 44428, 4095, quick
0.03507280349731445, 44679, 4096, quick
0.0357820987701416, 45207, 4094, quick
0.03492999076843262, 44964, 4096, quick
0.03447985649108887, 44549, 4095, quick
0.0358579158782959, 44892, 4095, quick
0.03550410270690918, 43841, 4096, quick
0.03429102897644043, 44590, 4095, quick
0.033785104751586914, 44750, 4096, quick
0.03544902801513672, 44305, 4094, quick
0.03473401069641113, 44396, 4095, quick
0.03541898727416992, 44434, 4093, quick
0.034709930419921875, 44687, 4096, quick
0.03523993492126465, 45239, 4096, quick
0.034178972244262695, 44607, 4096, quick
0.03485703468322754, 44696, 4094, quick
0.03456521034240723, 44727, 4096, quick
0.03404712677001953, 44930, 4095, quick
0.034873008728027344, 44294, 4095, quick
0.0331730842590332, 44656, 4095, quick
0.03463315963745117, 44733, 4093, quick
0.03327798843383789, 45045, 4096, quick
0.03531599044799805, 44954, 4096, quick
0.03576231002807617, 44423, 4095, quick
0.03425288200378418, 44190, 4093, quick
0.03378725051879883, 44587, 4094, quick
0.035218238830566406, 44450, 4095, quick
0.03329277038574219, 44060, 4093, quick
0.03442096710205078, 43928, 4094, quick
0.034970998764038086, 44844, 4094, quick
0.0370638370513916, 44130, 4095, quick
0.035481929779052734, 45083, 4094, quick
0.0350489616394043, 44896, 4094, quick
0.03369712829589844, 44705, 4095, quick
0.035919189453125, 45160, 4092, quick
0.035429954528808594, 45341, 4095, quick
0.03454113006591797, 44933, 4095, quick
0.03577399253845215, 44922, 4094, quick
0.03548598289489746, 44870, 4095, quick
0.034581899642944336, 44450, 4094, quick
0.035817861557006836, 44761, 4096, quick
0.03457212448120117, 43997, 4096, quick
0.03407001495361328, 44240, 4094, quick
0.03423285484313965, 44925, 4095, quick
0.03597688674926758, 45850, 4096, quick
0.03593802452087402, 44897, 4095, quick
0.03418612480163574, 45020, 4095, quick
0.035698890686035156, 45029, 4096, quick
0.0327601432800293, 44218, 4094, quick
0.03412818908691406, 44716, 4095, quick
0.03517293930053711, 44634, 4096, quick
0.03412508964538574, 44467, 4096, quick
0.0344851016998291, 44849, 4092, quick
0.036715030670166016, 44363, 4096, quick
0.033608198165893555, 44402, 4094, quick
0.03479623794555664, 44704, 4095, quick
0.03636288642883301, 44857, 4094, quick
0.03459978103637695, 44110, 4095, quick
0.035208940505981445, 44336, 4096, quick
0.03458404541015625, 44532, 4095, quick
0.03583407402038574, 44964, 4095, quick
0.03325176239013672, 44818, 4096, quick
0.034284114837646484, 44719, 4096, quick
0.033722877502441406, 44682, 4094, quick
0.03513383865356445, 44873, 4095, quick
0.03671383857727051, 44675, 4094, quick
0.03422212600708008, 44554, 4095, quick
0.03434181213378906, 44342, 4095, quick
0.03525495529174805, 44973, 4096, quick
