0.11762785911560059, 130816, 0, bubble
0.10178589820861816, 130816, 0, bubble
0.10055303573608398, 130816, 0, bubble
0.1063232421875, 130816, 0, bubble
0.10181188583374023, 130816, 0, bubble
0.10335993766784668, 130816, 0, bubble
0.10793876647949219, 130816, 0, bubble
0.1127779483795166, 130816, 0, bubble
0.10741400718688965, 130816, 0, bubble
0.1076211929321289, 130816, 0, bubble
0.10347580909729004, 130816, 0, bubble
0.10436511039733887, 130816, 0, bubble
0.11822676658630371, 130816, 0, bubble
0.09896492958068848, 130816, 0, bubble
0.12371706962585449, 130816, 0, bubble
0.11931514739990234, 130816, 0, bubble
0.11431193351745605, 130816, 0, bubble
0.11109495162963867, 130816, 0, bubble
0.1114659309387207, 130816, 0, bubble
0.11042404174804688, 130816, 0, bubble
0.11728501319885254, 130816, 0, bubble
0.10491585731506348, 130816, 0, bubble
0.11162090301513672, 130816, 0, bubble
0.10424280166625977, 130816, 0, bubble
0.10893678665161133, 130816, 0, bubble
0.10800504684448242, 130816, 0, bubble
0.10039091110229492, 130816, 0, bubble
0.09977030754089355, 130816, 0, bubble
0.11442995071411133, 130816, 0, bubble
0.11631274223327637, 130816, 0, bubble
0.1025998592376709, 130816, 0, bubble
0.11089587211608887, 130816, 0, bubble
0.11277103424072266, 130816, 0, bubble
0.11765885353088379, 130816, 0, bubble
0.10480880737304688, 130816, 0, bubble
0.12237811088562012, 130816, 0, bubble
0.11449813842773438, 130816, 0, bubble
0.11528301239013672, 130816, 0, bubble
0.10746908187866211, 130816, 0, bubble
0.10365629196166992, 130816, 0, bubble
0.10913586616516113, 130816, 0, bubble
0.10378479957580566, 130816, 0, bubble
0.10938382148742676, 130816, 0, bubble
0.1163790225982666, 130816, 0, bubble
0.11366701126098633, 130816, 0, bubble
0.10110592842102051, 130816, 0, bubble
0.11774492263793945, 130816, 0, bubble
0.10899972915649414, 130816, 0, bubble
0.1035912036895752, 130816, 0, bubble
0.10538697242736816, 130816, 0, bubble
0.11573100090026855, 130816, 0, bubble
0.1117699146270752, 130816, 0, bubble
0.12345409393310547, 130816, 0, bubble
0.11033797264099121, 130816, 0, bubble
0.11997008323669434, 130816, 0, bubble
0.11407589912414551, 130816, 0, bubble
0.10939693450927734, 130816, 0, bubble
0.11359572410583496, 130816, 0, bubble
0.11329293251037598, 130816, 0, bubble
0.10959005355834961, 130816, 0, bubble
0.13183903694152832, 130816, 0, bubble
0.10664200782775879, 130816, 0, bubble
0.11622500419616699, 130816, 0, bubble
0.1100149154663086, 130816, 0, bubble
0.11432099342346191, 130816, 0, bubble
0.11468696594238281, 130816, 0, bubble
0.11239504814147949, 130816, 0, bubble
0.11803984642028809, 130816, 0, bubble
0.11752676963806152, 130816, 0, bubble
0.10760498046875, 130816, 0, bubble
0.10586905479431152, 130816, 0, bubble
0.12241005897521973, 130816, 0, bubble
0.11375689506530762, 130816, 0, bubble
0.11229419708251953, 130816, 0, bubble
0.1144251823425293, 130816, 0, bubble
0.1177830696105957, 130816, 0, bubble
0.11474800109863281, 130816, 0, bubble
0.12484097480773926, 130816, 0, bubble
0.11539983749389648, 130816, 0, bubble
0.11424088478088379, 130816, 0, bubble
0.11207008361816406, 130816, 0, bubble
0.10843920707702637, 130816, 0, bubble
0.11677813529968262, 130816, 0, bubble
0.11094093322753906, 130816, 0, bubble
0.11857795715332031, 130816, 0, bubble
0.11222004890441895, 130816, 0, bubble
0.1062779426574707, 130816, 0, bubble
0.12106108665466309, 130816, 0, bubble
0.10895895957946777, 130816, 0, bubble
0.11104226112365723, 130816, 0, bubble
0.11401915550231934, 130816, 0, bubble
0.11110401153564453, 130816, 0, bubble
0.10993695259094238, 130816, 0, bubble
0.10101103782653809, 130816, 0, bubble
0.10456490516662598, 130816, 0, bubble
0.10523295402526855, 130816, 0, bubble
0.10028862953186035, 130816, 0, bubble
0.10351419448852539, 130816, 0, bubble
0.10412096977233887, 130816, 0, bubble
0.10429215431213379, 130816, 0, bubble
0.10193681716918945, 130816, 0, bubble
0.09996700286865234, 130816, 0, bubble
0.10044074058532715, 130816, 0, bubble
0.10614514350891113, 130816, 0, bubble
0.10335707664489746, 130816, 0, bubble
0.1027519702911377, 130816, 0, bubble
0.1062619686126709, 130816, 0, bubble
0.10610365867614746, 130816, 0, bubble
0.10392904281616211, 130816, 0, bubble
0.10023760795593262, 130816, 0, bubble
0.10938286781311035, 130816, 0, bubble
0.1109919548034668, 130816, 0, bubble
0.1013188362121582, 130816, 0, bubble
0.10808873176574707, 130816, 0, bubble
0.10458803176879883, 130816, 0, bubble
0.10416197776794434, 130816, 0, bubble
0.10358691215515137, 130816, 0, bubble
0.1060340404510498, 130816, 0, bubble
0.10130620002746582, 130816, 0, bubble
0.10079407691955566, 130816, 0, bubble
0.10359311103820801, 130816, 0, bubble
0.10646200180053711, 130816, 0, bubble
0.11099720001220703, 130816, 0, bubble
0.10135722160339355, 130816, 0, bubble
0.10683798789978027, 130816, 0, bubble
0.10537409782409668, 130816, 0, bubble
0.10558009147644043, 130816, 0, bubble
0.1009221076965332, 130816, 0, bubble
0.10365104675292969, 130816, 0, bubble
0.10704517364501953, 130816, 0, bubble
0.10444784164428711, 130816, 0, bubble
0.1003730297088623, 130816, 0, bubble
0.10400509834289551, 130816, 0, bubble
0.10312438011169434, 130816, 0, bubble
0.10666298866271973, 130816, 0, bubble
0.10538291931152344, 130816, 0, bubble
0.10689592361450195, 130816, 0, bubble
0.10170316696166992, 130816, 0, bubble
0.10450005531311035, 130816, 0, bubble
0.10637497901916504, 130816, 0, bubble
0.10151004791259766, 130816, 0, bubble
0.10348796844482422, 130816, 0, bubble
0.1062018871307373, 130816, 0, bubble
0.10915184020996094, 130816, 0, bubble
0.10052204132080078, 130816, 0, bubble
0.1068570613861084, 130816, 0, bubble
0.1046590805053711, 130816, 0, bubble
0.10446715354919434, 130816, 0, bubble
0.10347604751586914, 130816, 0, bubble
0.10163211822509766, 130816, 0, bubble
0.1061708927154541, 130816, 0, bubble
0.10632610321044922, 130816, 0, bubble
0.10314488410949707, 130816, 0, bubble
0.10516500473022461, 130816, 0, bubble
0.09995317459106445, 130816, 0, bubble
0.10485696792602539, 130816, 0, bubble
0.10034799575805664, 130816, 0, bubble
0.10681796073913574, 130816, 0, bubble
0.10557889938354492, 130816, 0, bubble
0.10491800308227539, 130816, 0, bubble
0.10778331756591797, 130816, 0, bubble
0.10411906242370605, 130816, 0, bubble
0.10042881965637207, 130816, 0, bubble
0.11118388175964355, 130816, 0, bubble
0.10388469696044922, 130816, 0, bubble
0.10306310653686523, 130816, 0, bubble
0.1074819564819336, 130816, 0, bubble
0.10742521286010742, 130816, 0, bubble
0.10980701446533203, 130816, 0, bubble
0.099822998046875, 130816, 0, bubble
0.10298991203308105, 130816, 0, bubble
0.10456395149230957, 130816, 0, bubble
0.10552501678466797, 130816, 0, bubble
0.10347700119018555, 130816, 0, bubble
0.10609793663024902, 130816, 0, bubble
0.10527896881103516, 130816, 0, bubble
0.10054874420166016, 130816, 0, bubble
0.09967517852783203, 130816, 0, bubble
0.0992739200592041, 130816, 0, bubble
0.10024285316467285, 130816, 0, bubble
0.10798406600952148, 130816, 0, bubble
0.10518717765808105, 130816, 0, bubble
0.09987998008728027, 130816, 0, bubble
0.10008788108825684, 130816, 0, bubble
0.10170984268188477, 130816, 0, bubble
0.10645604133605957, 130816, 0, bubble
0.10674691200256348, 130816, 0, bubble
0.10793614387512207, 130816, 0, bubble
0.1035149097442627, 130816, 0, bubble
0.10386276245117188, 130816, 0, bubble
0.10521507263183594, 130816, 0, bubble
0.11093807220458984, 130816, 0, bubble
0.10591578483581543, 130816, 0, bubble
0.10858297348022461, 130816, 0, bubble
0.10387682914733887, 130816, 0, bubble
0.09958505630493164, 130816, 0, bubble
0.10325503349304199, 130816, 0, bubble
0.10619187355041504, 130816, 0, bubble
0.10301804542541504, 130816, 0, bubble
0.10371208190917969, 130816, 0, bubble
0.10470890998840332, 130816, 0, bubble
0.10164904594421387, 130816, 0, bubble
0.10100412368774414, 130816, 0, bubble
0.10609292984008789, 130816, 0, bubble
0.10682392120361328, 130816, 0, bubble
0.10156822204589844, 130816, 0, bubble
