0.025649070739746094, 32640, 0, bubble
0.025815963745117188, 32640, 0, bubble
0.02510523796081543, 32640, 0, bubble
0.026933908462524414, 32640, 0, bubble
0.02675795555114746, 32640, 0, bubble
0.025615930557250977, 32640, 0, bubble
0.02672600746154785, 32640, 0, bubble
0.025325775146484375, 32640, 0, bubble
0.02637314796447754, 32640, 0, bubble
0.02709197998046875, 32640, 0, bubble
0.02578592300415039, 32640, 0, bubble
0.027833938598632812, 32640, 0, bubble
0.026193857192993164, 32640, 0, bubble
0.026887893676757812, 32640, 0, bubble
0.026263952255249023, 32640, 0, bubble
0.026607990264892578, 32640, 0, bubble
0.026401042938232422, 32640, 0, bubble
0.027373790740966797, 32640, 0, bubble
0.025363922119140625, 32640, 0, bubble
0.02643299102783203, 32640, 0, bubble
0.026585102081298828, 32640, 0, bubble
0.026360750198364258, 32640, 0, bubble
0.025278329849243164, 32640, 0, bubble
0.02670431137084961, 32640, 0, bubble
0.02609395980834961, 32640, 0, bubble
0.028554439544677734, 32640, 0, bubble
0.026385068893432617, 32640, 0, bubble
0.0264739990234375, 32640, 0, bubble
0.02601480484008789, 32640, 0, bubble
0.02672123908996582, 32640, 0, bubble
0.02556777000427246, 32640, 0, bubble
0.027180910110473633, 32640, 0, bubble
0.025509119033813477, 32640, 0, bubble
0.027434110641479492, 32640, 0, bubble
0.0252530574798584, 32640, 0, bubble
0.02621293067932129, 32640, 0, bubble
0.027436256408691406, 32640, 0, bubble
0.02554798126220703, 32640, 0, bubble
0.026227951049804688, 32640, 0, bubble
0.02624797821044922, 32640, 0, bubble
0.02638411521911621, 32640, 0, bubble
0.026433229446411133, 32640, 0, bubble
0.027025938034057617, 32640, 0, bubble
0.02526712417602539, 32640, 0, bubble
0.02566981315612793, 32640, 0, bubble
0.027226924896240234, 32640, 0, bubble
0.026112079620361328, 32640, 0, bubble
0.025269746780395508, 32640, 0, bubble
0.025293827056884766, 32640, 0, bubble
0.0261838436126709, 32640, 0, bubble
0.026903152465820312, 32640, 0, bubble
0.025855064392089844, 32640, 0, bubble
0.026842117309570312, 32640, 0, bubble
0.02506089210510254, 32640, 0, bubble
0.02589583396911621, 32640, 0, bubble
0.026137113571166992, 32640, 0, bubble
0.025156259536743164, 32640, 0, bubble
0.02530813217163086, 32640, 0, bubble
0.02664780616760254, 32640, 0, bubble
0.02591991424560547, 32640, 0, bubble
0.02586197853088379, 32640, 0, bubble
0.02692389488220215, 32640, 0, bubble
0.029479026794433594, 32640, 0, bubble
0.02639603614807129, 32640, 0, bubble
0.0251619815826416, 32640, 0, bubble
0.02603769302368164, 32640, 0, bubble
0.025311946868896484, 32640, 0, bubble
0.0270693302154541, 32640, 0, bubble
0.02658390998840332, 32640, 0, bubble
0.025589942932128906, 32640, 0, bubble
0.02734518051147461, 32640, 0, bubble
0.026125669479370117, 32640, 0, bubble
0.026652812957763672, 32640, 0, bubble
0.02628302574157715, 32640, 0, bubble
0.025423049926757812, 32640, 0, bubble
0.025447845458984375, 32640, 0, bubble
0.028446197509765625, 32640, 0, bubble
0.026973962783813477, 32640, 0, bubble
0.027302026748657227, 32640, 0, bubble
0.025891780853271484, 32640, 0, bubble
0.025332927703857422, 32640, 0, bubble
0.02560114860534668, 32640, 0, bubble
0.025905847549438477, 32640, 0, bubble
0.025799989700317383, 32640, 0, bubble
0.02595663070678711, 32640, 0, bubble
0.02665877342224121, 32640, 0, bubble
0.027744054794311523, 32640, 0, bubble
0.026165008544921875, 32640, 0, bubble
0.026012182235717773, 32640, 0, bubble
0.026578903198242188, 32640, 0, bubble
0.02618694305419922, 32640, 0, bubble
0.025089025497436523, 32640, 0, bubble
0.025811195373535156, 32640, 0, bubble
0.026072978973388672, 32640, 0, bubble
0.026981830596923828, 32640, 0, bubble
0.026150941848754883, 32640, 0, bubble
0.02706289291381836, 32640, 0, bubble
0.02562689781188965, 32640, 0, bubble
0.0267789363861084, 32640, 0, bubble
0.027157306671142578, 32640, 0, bubble
0.026730060577392578, 32640, 0, bubble
0.029819011688232422, 32640, 0, bubble
0.025555133819580078, 32640, 0, bubble
0.026751995086669922, 32640, 0, bubble
0.02470993995666504, 32640, 0, bubble
0.026300907135009766, 32640, 0, bubble
0.026857852935791016, 32640, 0, bubble
0.026803970336914062, 32640, 0, bubble
0.026947975158691406, 32640, 0, bubble
0.025363922119140625, 32640, 0, bubble
0.02608466148376465, 32640, 0, bubble
0.028117895126342773, 32640, 0, bubble
0.027785062789916992, 32640, 0, bubble
0.02680516242980957, 32640, 0, bubble
0.026401042938232422, 32640, 0, bubble
0.026327133178710938, 32640, 0, bubble
0.025814056396484375, 32640, 0, bubble
0.026140928268432617, 32640, 0, bubble
0.02693009376525879, 32640, 0, bubble
0.025103092193603516, 32640, 0, bubble
0.02675604820251465, 32640, 0, bubble
0.02715897560119629, 32640, 0, bubble
0.026184797286987305, 32640, 0, bubble
0.02691507339477539, 32640, 0, bubble
0.02506422996520996, 32640, 0, bubble
0.027333974838256836, 32640, 0, bubble
0.02695775032043457, 32640, 0, bubble
0.02640986442565918, 32640, 0, bubble
0.026724815368652344, 32640, 0, bubble
0.026633024215698242, 32640, 0, bubble
0.026086807250976562, 32640, 0, bubble
0.025764942169189453, 32640, 0, bubble
0.026160001754760742, 32640, 0, bubble
0.027445316314697266, 32640, 0, bubble
0.02518773078918457, 32640, 0, bubble
0.02537679672241211, 32640, 0, bubble
0.027308225631713867, 32640, 0, bubble
0.026089906692504883, 32640, 0, bubble
0.026484012603759766, 32640, 0, bubble
0.02561783790588379, 32640, 0, bubble
0.025304079055786133, 32640, 0, bubble
0.02615809440612793, 32640, 0, bubble
0.027122020721435547, 32640, 0, bubble
0.027378082275390625, 32640, 0, bubble
0.024832963943481445, 32640, 0, bubble
0.025756120681762695, 32640, 0, bubble
0.027631044387817383, 32640, 0, bubble
0.027167081832885742, 32640, 0, bubble
0.027077913284301758, 32640, 0, bubble
0.0262451171875, 32640, 0, bubble
0.02615189552307129, 32640, 0, bubble
0.026806116104125977, 32640, 0, bubble
0.026494264602661133, 32640, 0, bubble
0.025459766387939453, 32640, 0, bubble
0.026566028594970703, 32640, 0, bubble
0.02735590934753418, 32640, 0, bubble
0.026131868362426758, 32640, 0, bubble
0.026742935180664062, 32640, 0, bubble
0.02632284164428711, 32640, 0, bubble
0.026298046112060547, 32640, 0, bubble
0.025704145431518555, 32640, 0, bubble
0.026592731475830078, 32640, 0, bubble
0.025185108184814453, 32640, 0, bubble
0.02520918846130371, 32640, 0, bubble
0.02622079849243164, 32640, 0, bubble
0.026556968688964844, 32640, 0, bubble
0.02727484703063965, 32640, 0, bubble
0.026286840438842773, 32640, 0, bubble
0.025902986526489258, 32640, 0, bubble
0.02554178237915039, 32640, 0, bubble
0.025992393493652344, 32640, 0, bubble
0.026337146759033203, 32640, 0, bubble
0.026532888412475586, 32640, 0, bubble
0.027122020721435547, 32640, 0, bubble
0.024770021438598633, 32640, 0, bubble
0.026315927505493164, 32640, 0, bubble
0.02784585952758789, 32640, 0, bubble
0.025292158126831055, 32640, 0, bubble
0.025248050689697266, 32640, 0, bubble
0.025820016860961914, 32640, 0, bubble
0.026152849197387695, 32640, 0, bubble
0.02617502212524414, 32640, 0, bubble
0.027665138244628906, 32640, 0, bubble
0.025137901306152344, 32640, 0, bubble
0.028868913650512695, 32640, 0, bubble
0.025774002075195312, 32640, 0, bubble
0.025665998458862305, 32640, 0, bubble
0.02469015121459961, 32640, 0, bubble
0.02574896812438965, 32640, 0, bubble
0.02647686004638672, 32640, 0, bubble
0.02594780921936035, 32640, 0, bubble
0.025861263275146484, 32640, 0, bubble
0.02744579315185547, 32640, 0, bubble
0.026257991790771484, 32640, 0, bubble
0.025409936904907227, 32640, 0, bubble
0.026660919189453125, 32640, 0, bubble
0.026346921920776367, 32640, 0, bubble
0.027130126953125, 32640, 0, bubble
0.026929855346679688, 32640, 0, bubble
0.026448965072631836, 32640, 0, bubble
0.027086734771728516, 32640, 0, bubble
0.026546239852905273, 32640, 0, bubble
0.024774789810180664, 32640, 0, bubble
0.025544166564941406, 32640, 0, bubble
0.027417898178100586, 32640, 0, bubble
0.026791810989379883, 32640, 0, bubble
